0.571605
0.635898
3.306030
2.317363
1.534493
0.890086
0.567545
0.567595
0.567811
0.568252
0.569450
0.571061
0.576054
0.579164
0.595630
0.591305
0.624948
0.593877
0.628816
0.591056
0.619560
0.588833
0.612395
0.586611
0.605787
0.584436
0.599792
0.582317
0.594374
0.580262
0.589502
0.578283
0.585156
0.576395
0.581316
0.574614
0.577970
0.572960
0.575103
0.571456
0.572701
0.570123
0.570744
0.568980
0.569203
0.568037
0.568038
0.567295
0.567198
0.566741
0.566622
0.566352
0.566248
0.566093
0.566016
0.565928
0.565877
0.565827
0.565793
0.565763
0.565740
0.565720
0.565702
0.565687
0.565673
0.565659
0.565647
0.565635
0.565623
0.565611
0.565600
0.565589
0.565578
0.565567
0.565556
0.565546
0.565536
0.565525
0.565515
0.565506
0.565496
0.565486
0.565477
0.565468
0.565459
0.565449
0.565441
0.565432
0.565423
0.565415
0.565406
0.565398
0.565390
0.565382
0.565373
0.565366
0.565358
0.565350
0.565342
0.565335
0.565328
0.565320
0.565313
0.565306
0.565299
0.565292
0.565285
0.565278
0.565271
0.565265
0.565258
0.565251
0.565245
0.565239
0.565232
0.565226
0.565220
0.565214
0.565208
0.565202
0.565196
0.565190
0.565184
0.565178
0.565173
0.565167
0.565162
0.565156
0.565151
0.565145
0.565140
0.565135
0.565129
0.565124
0.565119
0.565114
0.565109
0.565104
0.565099
0.565094
0.565089
0.565085
0.565080
0.565075
0.565071
0.565066
0.565061
0.565057
0.565052
0.565048
0.565044
0.565039
0.565035
0.565031
0.565026
0.565022
0.565018
0.565014
0.565010
0.565006
0.565002
0.564998
0.564994
0.564990
0.564986
0.564982
0.564978
0.564974
0.564971
0.564967
0.564963
0.564960
0.564956
0.564952
0.564949
0.564945
0.564942
0.564938
0.564935
0.564931
0.564928
0.564925
0.564921
0.564918
0.564915
0.564911
0.564908
0.564905
0.564902
0.564899
0.564896
0.564892
0.564889
0.564886
0.564883
0.564880
0.564877
0.564874
0.564871
0.564868
0.564865
0.564863
0.564860
0.564857
0.564854
0.564851
0.564848
0.564846
0.564843
0.564840
0.564838
0.564835
0.564832
0.564830
0.564827
0.564824
0.564822
0.564819
0.564817
0.564814
0.564812
0.564809
0.564807
0.564804
0.564802
0.564799
0.564797
0.564795
0.564792
0.564790
0.564788
0.564785
0.564783
0.564781
0.564778
0.564776
0.564774
0.564772
0.564769
0.564767
0.564765
0.564763
0.564761
0.564759
0.564756
0.564754
0.564752
0.564750
0.564748
0.564746
0.564744
0.564742
0.564740
0.564738
0.564736
0.564734
0.564732
0.564730
0.564728
0.564726
0.564724
0.564722
0.564720
0.564719
0.564717
0.564715
0.564713
0.564711
0.564709
0.564708
0.564706
0.564704
0.564702
0.564700
0.564699
0.564697
0.564695
0.564694
0.564692
0.564690
0.564688
0.564687
0.564685
0.564683
0.564682
0.564680
0.564679
0.564677
0.564675
0.564674
0.564672
0.564671
0.564669
0.564667
0.564666
0.564664
0.564663
0.564661
0.564660
0.564658
